1001
1002
1003
1004
1005
1006
1007
1008
1009
1010
1011
1012
1013
1014
1015
1016
1017
1018
1019
1020
1021
1035
1036
1037
1038
1039
1040
1041
1042
1043
1044
1045
1046
1047
1048
1049
1050
1051
1052
1059
1060
1061
1064
1065
1066
1067
1070
1071
1072
1073
1074
1075
1078
1079
1080
1082
1094
1095
1096
1097
1098
1099
1101
1103
1113
1114
1115
1116
1117
1118
1128
1131
1132
1133
1134
1142
1143
1144
1145
1146
1149
1150
1151
1153
1154
1155
1156
1157
1158
1159
1160
1161
1164
1165
1168
1172
1173
1174
1175
1176
1177
1178
1179
1180
1181
1182
1183
1184
1185
1186
1187
1188
1189
1190
1216
1286
1310
1387
1397
1437
1478
1524
1534
1536
1557
1564
1589
1716
1743
1759
1765
1789
1795
1796
1802
1805
1828
1837
1848
1858
1864
1865
1866
1893
1895
1914
1921
1924
1929
1933
1943
1957
1958
1959
1960
1961
1962
1963
1979
1983
1984
1985
2006
2028
2031
2057
2059
2060
2061